1253656
2096715
2254971
2276181
2572590
2633482
2745424
2880430
2980163
3011812
3042382
3127138
3179139
3192733
3303869
3317709
3335805
3382237
3402399
3404965
3435397
3610120
3661362
3795282
3878220
4030473
4052551
4069003
4077438
4084997
4119902
4141741
4159838
4209782
4239052
4262506
4273303
4311586
4361614
4420760
4427926
4446001
4467142
4495713
4581267
4632760
4646252
4693256
4734298
4773500
4774706
4850295
4865917
4880196
4988499
5000677
5187857
5247666
5343855
5413018
5438147
5496928
5535039
5535908
5578188
5590097
5600090
5603630
5605771
5618545
5625153
5629395
5632347
5656095
5713373
5761127
5951104
5979455
6016464
6032167
