1253656
1325037
1479836
2000887
2096715
2254971
2265545
2276181
2500019
2572590
2613033
2633482
2652022
2745424
2797793
2880430
2902420
2952795
2980163
2987984
3011812
3033436
3039539
3042382
3079694
3127138
3179139
3192733
3303869
3317709
3335805
3344191
3344250
3382237
3402399
3404965
3435397
3557226
3597556
3610120
3661362
3694504
3716414
3720569
3774712
3780584
3795282
3851747
3853310
3873290
3878220
3891813
3907892
3926280
3929277
3955154
3998744
4002097
4030473
4052551
4069003
4072398
4074849
4077438
4084997
4119902
4141741
4159838
4200806
4209782
4239052
4246549
4261204
4262506
4264226
4273303
4311586
4333895
4361614
4420760
4427926
4430278
4446001
4449936
4467142
4489897
4495713
4550820
4581267
4632760
4646252
4681747
4693256
4734298
4750181
4773500
4774706
4778496
4783875
4850295
4862232
4865917
4880196
4881455
4988499
5000677
5067666
5076532
5096026
5121959
5127879
5187857
5247666
5333431
5343855
5354487
5412436
5413018
5438147
5496928
5501509
5525363
5535039
5535908
5536020
555756
5578188
5590097
5600090
5603630
5605771
5618545
5625153
5628336
5629395
5632347
5656095
5713373
5715404
5761127
5855761
5887008
5951104
5979455
5979494
5983622
6016274
6016464
6032167
6051333
